13.430000305175781
13.90999984741211
12.75
21.309999465942383
15.34000015258789
14.949999809265137
11.619999885559082
10.630000114440918
20.399999618530273
24.3799991607666
32.41999816894531
34.779998779296875
36.72999954223633
39.38999938964844
36.77000045776367
36.630001068115234
38.790000915527344
39.349998474121094
41.709999084472656
43.38999938964844
39.41999816894531
39.470001220703125
39.47999954223633
41.56999969482422
45.310001373291016
43.099998474121094
46.40999984741211
47.43000030517578
50.86000061035156
51.83000183105469
50.65999984741211
47.869998931884766
52.61000061035156
54.63999938964844
55.54999923706055
53.029998779296875
56.970001220703125
54.060001373291016
52.11000061035156
50.939998626708984
49.84000015258789
50.68000030517578
50.2400016784668
49.560001373291016
51.43000030517578
51.38999938964844
52.08000183105469
51.4900016784668
54.31999969482422
56.459999084472656
49.59000015258789
54.58000183105469
52.7400016784668
52.900001525878906
53.959999084472656
48.33000183105469
50.56999969482422
50.79999923706055
52.779998779296875
51.5
49.810001373291016
55.7599983215332
54.619998931884766
56.41999816894531
55.5099983215332
54.0099983215332
52.08000183105469
52.720001220703125
57.0
59.04999923706055
58.91999816894531
60.209999084472656
58.060001373291016
57.2400016784668
57.7400016784668
59.369998931884766
59.099998474121094
55.5
58.72999954223633
60.20000076293945
62.04999923706055
61.0099983215332
57.45000076293945
59.47999954223633
58.33000183105469
55.11000061035156
55.630001068115234
54.869998931884766
53.290000915527344
56.47999954223633
59.310001373291016
57.7400016784668
54.86000061035156
56.70000076293945
52.27000045776367
53.13999938964844
52.15999984741211
51.279998779296875
54.52000045776367
54.2599983215332
