10.029999732971191
9.920000076293945
10.140000343322754
10.210000038146973
10.1899995803833
10.819999694824219
10.979999542236328
10.420000076293945
11.850000381469727
11.569999694824219
11.449999809265137
11.260000228881836
10.869999885559082
11.029999732971191
10.529999732971191
10.600000381469727
13.520000457763672
13.989999771118164
14.470000267028809
14.920000076293945
19.049999237060547
19.309999465942383
21.010000228881836
23.010000228881836
23.0
24.1299991607666
24.719999313354492
26.81999969482422
28.450000762939453
28.309999465942383
27.530000686645508
27.229999542236328
25.690000534057617
27.600000381469727
27.530000686645508
28.3799991607666
29.829999923706055
28.190000534057617
30.3700008392334
30.059999465942383
30.700000762939453
30.899999618530273
29.940000534057617
31.530000686645508
30.1200008392334
29.510000228881836
27.899999618530273
27.3700008392334
28.670000076293945
28.049999237060547
27.739999771118164
27.579999923706055
26.81999969482422
27.709999084472656
28.65999984741211
27.610000610351562
28.280000686645508
26.209999084472656
24.559999465942383
27.270000457763672
27.030000686645508
28.020000457763672
27.5
27.81999969482422
27.059999465942383
27.770000457763672
27.610000610351562
28.559999465942383
27.3700008392334
26.780000686645508
28.56999969482422
29.850000381469727
29.459999084472656
30.549999237060547
29.700000762939453
30.540000915527344
29.100000381469727
29.969999313354492
29.479999542236328
30.989999771118164
31.34000015258789
33.439998626708984
35.619998931884766
33.97999954223633
34.189998626708984
33.68000030517578
35.63999938964844
34.79999923706055
34.959999084472656
36.18000030517578
35.47999954223633
37.220001220703125
36.81999969482422
37.060001373291016
39.11000061035156
38.150001525878906
38.09000015258789
37.25
37.13999938964844
36.83000183105469
