11.460000038146973
10.90999984741211
13.890000343322754
23.399999618530273
25.260000228881836
30.989999771118164
28.520000457763672
22.149999618530273
45.83000183105469
50.33000183105469
52.52000045776367
45.66999816894531
41.0
55.290000915527344
61.279998779296875
56.560001373291016
55.66999816894531
50.099998474121094
59.4900016784668
59.08000183105469
55.290000915527344
57.15999984741211
52.77000045776367
60.75
60.45000076293945
56.810001373291016
57.900001525878906
55.41999816894531
63.130001068115234
63.349998474121094
61.630001068115234
62.38999938964844
59.81999969482422
67.66999816894531
67.52999877929688
66.80999755859375
67.70999908447266
62.939998626708984
69.95999908447266
70.52999877929688
70.38999938964844
70.43000030517578
66.91000366210938
73.55000305175781
74.95999908447266
74.37000274658203
74.18000030517578
70.62000274658203
75.80000305175781
77.87999725341797
77.4000015258789
76.91000366210938
72.5
77.94999694824219
79.55000305175781
78.83000183105469
78.0
75.19999694824219
79.13999938964844
81.22000122070312
80.41999816894531
79.4800033569336
76.45999908447266
80.38999938964844
82.2300033569336
81.76000213623047
80.41999816894531
78.4800033569336
81.5199966430664
83.05999755859375
82.87999725341797
81.58999633789062
80.11000061035156
82.29000091552734
83.37999725341797
83.4000015258789
83.02999877929688
81.31999969482422
83.04000091552734
84.33000183105469
83.97000122070312
83.33000183105469
82.31999969482422
83.5999984741211
85.19999694824219
84.69999694824219
84.3499984741211
83.01000213623047
84.56999969482422
85.54000091552734
85.29000091552734
84.69000244140625
83.80999755859375
84.62000274658203
85.83000183105469
85.25
84.79000091552734
84.05000305175781
85.0199966430664
86.44999694824219
