14.699999809265137
12.239999771118164
15.09000015258789
17.75
13.180000305175781
10.1899995803833
9.670000076293945
9.729999542236328
15.100000381469727
20.079999923706055
27.440000534057617
31.670000076293945
29.09000015258789
33.939998626708984
35.43000030517578
32.849998474121094
33.16999816894531
30.149999618530273
35.34000015258789
39.599998474121094
37.529998779296875
35.630001068115234
32.59000015258789
38.06999969482422
41.29999923706055
38.540000915527344
39.540000915527344
38.13999938964844
43.11000061035156
46.0099983215332
42.59000015258789
41.470001220703125
42.880001068115234
49.33000183105469
52.630001068115234
49.18000030517578
47.529998779296875
47.72999954223633
49.79999923706055
48.52000045776367
48.119998931884766
44.84000015258789
45.290000915527344
46.220001220703125
47.61000061035156
47.18000030517578
46.279998779296875
47.209999084472656
49.310001373291016
48.95000076293945
43.52000045776367
48.04999923706055
45.689998626708984
44.72999954223633
45.810001373291016
44.40999984741211
45.560001373291016
44.56999969482422
46.18000030517578
43.63999938964844
44.470001220703125
47.83000183105469
48.81999969482422
45.56999969482422
43.189998626708984
45.380001068115234
44.150001525878906
42.79999923706055
45.290000915527344
48.099998474121094
47.310001373291016
49.310001373291016
47.08000183105469
46.029998779296875
45.34000015258789
47.380001068115234
43.709999084472656
41.650001525878906
43.349998474121094
44.45000076293945
46.38999938964844
48.66999816894531
43.20000076293945
46.970001220703125
45.619998931884766
46.099998474121094
45.02000045776367
47.130001068115234
42.310001373291016
46.77000045776367
48.04999923706055
47.81999969482422
45.40999984741211
47.599998474121094
45.119998931884766
46.22999954223633
42.310001373291016
39.400001525878906
41.880001068115234
40.7400016784668
