9.9399995803833
9.989999771118164
9.9399995803833
10.359999656677246
10.550000190734863
10.680000305175781
10.84000015258789
10.819999694824219
11.65999984741211
11.850000381469727
12.079999923706055
11.710000038146973
12.510000228881836
13.630000114440918
13.380000114440918
13.949999809265137
15.3100004196167
16.84000015258789
17.280000686645508
17.280000686645508
18.84000015258789
19.229999542236328
19.8700008392334
21.170000076293945
21.18000030517578
21.8799991607666
23.190000534057617
23.670000076293945
26.34000015258789
27.5
27.520000457763672
26.989999771118164
25.360000610351562
27.510000228881836
28.510000228881836
29.09000015258789
29.190000534057617
27.610000610351562
29.969999313354492
30.860000610351562
30.8799991607666
30.559999465942383
28.790000915527344
31.809999465942383
33.689998626708984
32.630001068115234
32.2599983215332
29.690000534057617
30.270000457763672
32.439998626708984
32.08000183105469
31.920000076293945
29.969999313354492
30.600000381469727
33.77000045776367
33.959999084472656
36.40999984741211
34.060001373291016
34.11000061035156
35.310001373291016
35.83000183105469
36.060001373291016
33.08000183105469
33.09000015258789
35.11000061035156
34.119998931884766
34.06999969482422
33.0
31.940000534057617
32.45000076293945
32.45000076293945
32.459999084472656
30.540000915527344
31.510000228881836
33.619998931884766
33.029998779296875
32.619998931884766
30.600000381469727
30.6200008392334
32.369998931884766
32.099998474121094
33.72999954223633
32.72999954223633
32.11000061035156
32.9900016784668
34.529998779296875
34.650001525878906
34.369998931884766
33.22999954223633
34.7599983215332
33.90999984741211
35.290000915527344
33.29999923706055
33.04999923706055
35.5
35.40999984741211
34.81999969482422
33.68000030517578
33.97999954223633
35.439998626708984
