10.90999984741211
13.15999984741211
11.710000038146973
21.219999313354492
20.440000534057617
20.290000915527344
14.729999542236328
10.640000343322754
32.02000045776367
30.889999389648438
42.400001525878906
37.4900016784668
40.22999954223633
51.88999938964844
58.58000183105469
56.36000061035156
55.470001220703125
47.900001525878906
56.34000015258789
60.9900016784668
58.47999954223633
60.0099983215332
50.209999084472656
59.720001220703125
62.65999984741211
61.04999923706055
58.33000183105469
53.560001373291016
61.849998474121094
65.44999694824219
62.220001220703125
59.7400016784668
61.119998931884766
68.95999908447266
70.37999725341797
67.81999969482422
66.7699966430664
63.81999969482422
69.30000305175781
67.70999908447266
68.5199966430664
69.02999877929688
68.69999694824219
71.16000366210938
72.08999633789062
70.6500015258789
70.3499984741211
70.75
72.12999725341797
76.8499984741211
75.9800033569336
76.08999633789062
74.04000091552734
76.69000244140625
80.30000305175781
78.5999984741211
76.52999877929688
75.86000061035156
77.55000305175781
79.4000015258789
78.61000061035156
78.13999938964844
75.05000305175781
77.5199966430664
79.44000244140625
77.95999908447266
76.27999877929688
75.04000091552734
77.25
79.0
77.93000030517578
76.0
75.2699966430664
77.2300033569336
78.73999786376953
79.5
79.55999755859375
77.55999755859375
79.27999877929688
81.19000244140625
81.06999969482422
80.61000061035156
78.36000061035156
79.41999816894531
81.37999725341797
80.79000091552734
80.87999725341797
79.7699966430664
80.91999816894531
82.23999786376953
81.69000244140625
81.13999938964844
79.94999694824219
80.5999984741211
81.37000274658203
80.5
80.56999969482422
78.33999633789062
80.0199966430664
82.27999877929688
