9.739999771118164
9.420000076293945
8.609999656677246
10.550000190734863
10.109999656677246
9.84000015258789
11.800000190734863
11.729999542236328
12.140000343322754
11.109999656677246
12.0600004196167
11.239999771118164
10.850000381469727
10.119999885559082
10.0
10.59000015258789
16.670000076293945
18.270000457763672
19.1200008392334
16.030000686645508
16.959999084472656
17.049999237060547
17.459999084472656
18.690000534057617
19.969999313354492
17.899999618530273
16.8799991607666
18.049999237060547
19.540000915527344
21.940000534057617
21.90999984741211
21.43000030517578
21.799999237060547
23.270000457763672
22.639999389648438
21.920000076293945
21.530000686645508
19.200000762939453
18.860000610351562
18.68000030517578
20.93000030517578
17.25
18.09000015258789
15.899999618530273
15.170000076293945
18.149999618530273
20.989999771118164
23.81999969482422
22.899999618530273
22.84000015258789
18.209999084472656
17.3700008392334
17.510000228881836
16.3700008392334
19.889999389648438
16.43000030517578
15.5
13.979999542236328
12.970000267028809
14.210000038146973
14.350000381469727
14.539999961853027
12.6899995803833
15.4399995803833
16.829999923706055
17.549999237060547
20.100000381469727
20.520000457763672
19.530000686645508
15.899999618530273
17.790000915527344
19.59000015258789
17.15999984741211
18.239999771118164
17.579999923706055
17.06999969482422
16.8700008392334
18.68000030517578
20.649999618530273
20.079999923706055
20.0
19.270000457763672
18.649999618530273
17.299999237060547
14.539999961853027
14.760000228881836
13.859999656677246
12.970000267028809
13.649999618530273
13.609999656677246
13.880000114440918
13.069999694824219
14.359999656677246
14.600000381469727
16.5
17.170000076293945
17.850000381469727
17.670000076293945
17.440000534057617
18.940000534057617
