11.579999923706055
9.479999542236328
11.710000038146973
9.979999542236328
9.899999618530273
7.980000019073486
10.529999732971191
12.770000457763672
12.779999732971191
10.010000228881836
8.069999694824219
8.130000114440918
12.350000381469727
14.199999809265137
14.319999694824219
16.360000610351562
14.3100004196167
13.460000038146973
13.680000305175781
13.3100004196167
17.079999923706055
17.280000686645508
16.059999465942383
14.6899995803833
11.84000015258789
11.770000457763672
13.5600004196167
16.739999771118164
12.270000457763672
8.779999732971191
6.610000133514404
7.679999828338623
13.800000190734863
14.979999542236328
13.430000305175781
14.09000015258789
14.0600004196167
16.190000534057617
14.850000381469727
12.960000038146973
12.779999732971191
10.930000305175781
10.4399995803833
8.9399995803833
8.920000076293945
10.380000114440918
11.65999984741211
11.40999984741211
10.960000038146973
11.15999984741211
8.670000076293945
10.100000381469727
13.3100004196167
13.239999771118164
9.739999771118164
11.229999542236328
9.350000381469727
7.079999923706055
8.619999885559082
8.75
8.680000305175781
9.520000457763672
9.520000457763672
10.279999732971191
12.899999618530273
12.699999809265137
10.680000305175781
13.149999618530273
10.569999694824219
10.0600004196167
12.420000076293945
14.770000457763672
13.829999923706055
12.970000267028809
16.229999542236328
15.550000190734863
16.799999237060547
16.889999389648438
19.739999771118164
17.1299991607666
17.790000915527344
17.540000915527344
19.299999237060547
17.90999984741211
18.670000076293945
16.280000686645508
16.549999237060547
14.649999618530273
15.09000015258789
13.390000343322754
12.140000343322754
15.34000015258789
17.6299991607666
16.18000030517578
18.110000610351562
16.15999984741211
17.639999389648438
14.609999656677246
12.970000267028809
9.819999694824219
