13.520000457763672
10.800000190734863
12.5600004196167
15.149999618530273
7.139999866485596
10.420000076293945
10.100000381469727
9.920000076293945
14.880000114440918
13.869999885559082
19.139999389648438
19.719999313354492
19.399999618530273
23.010000228881836
22.729999542236328
24.1299991607666
22.43000030517578
22.670000076293945
19.209999084472656
23.31999969482422
21.920000076293945
21.719999313354492
20.950000762939453
21.3700008392334
24.079999923706055
21.8700008392334
26.479999542236328
28.270000457763672
24.780000686645508
22.68000030517578
20.940000534057617
20.389999389648438
18.190000534057617
16.030000686645508
15.75
18.079999923706055
19.969999313354492
22.59000015258789
18.049999237060547
16.81999969482422
21.350000381469727
14.710000038146973
16.8799991607666
13.979999542236328
12.979999542236328
13.380000114440918
11.579999923706055
14.569999694824219
15.640000343322754
13.960000038146973
12.300000190734863
13.920000076293945
14.430000305175781
14.350000381469727
13.430000305175781
15.470000267028809
13.920000076293945
9.6899995803833
12.180000305175781
12.479999542236328
14.15999984741211
13.210000038146973
12.470000267028809
10.6899995803833
16.209999084472656
14.630000114440918
14.520000457763672
13.979999542236328
11.949999809265137
11.899999618530273
12.829999923706055
14.779999732971191
14.789999961853027
14.199999809265137
14.6899995803833
14.399999618530273
15.680000305175781
13.5
11.390000343322754
12.039999961853027
11.779999732971191
12.59000015258789
12.5600004196167
11.529999732971191
11.069999694824219
12.930000305175781
13.050000190734863
11.979999542236328
11.75
11.520000457763672
11.930000305175781
13.59000015258789
11.289999961853027
12.649999618530273
10.300000190734863
12.65999984741211
14.489999771118164
13.029999732971191
13.380000114440918
8.949999809265137
