11.260000228881836
11.399999618530273
13.039999961853027
23.1200008392334
23.959999084472656
28.0
25.350000381469727
20.190000534057617
43.59000015258789
47.20000076293945
50.540000915527344
42.029998779296875
39.68000030517578
54.470001220703125
62.529998779296875
57.59000015258789
56.20000076293945
50.43000030517578
60.279998779296875
61.7599983215332
57.34000015258789
58.970001220703125
53.060001373291016
61.38999938964844
62.70000076293945
59.2599983215332
59.43000030517578
55.86000061035156
63.880001068115234
65.20999908447266
62.540000915527344
62.72999954223633
60.439998626708984
68.2300033569336
68.70999908447266
67.18000030517578
67.83999633789062
63.75
69.63999938964844
70.69999694824219
71.01000213623047
70.7300033569336
68.47000122070312
73.88999938964844
75.69999694824219
74.68000030517578
74.41000366210938
72.08999633789062
75.62000274658203
79.0999984741211
78.05000305175781
77.75
73.81999969482422
78.30999755859375
80.79000091552734
79.88999938964844
78.79000091552734
76.83000183105469
79.73999786376953
82.38999938964844
81.19999694824219
80.01000213623047
77.44999694824219
80.72000122070312
83.04000091552734
82.19000244140625
80.5999984741211
78.91999816894531
81.72000122070312
83.48999786376953
83.26000213623047
81.4000015258789
80.66999816894531
82.18000030517578
83.76000213623047
83.63999938964844
83.27999877929688
81.58000183105469
82.83000183105469
84.7699966430664
84.19999694824219
83.80999755859375
82.56999969482422
83.62999725341797
85.48999786376953
84.87999725341797
84.63999938964844
83.1500015258789
84.6500015258789
85.81999969482422
85.37000274658203
84.81999969482422
84.22000122070312
84.77999877929688
85.87999725341797
85.43000030517578
84.80999755859375
83.83000183105469
84.8499984741211
86.51000213623047
