9.920000076293945
10.039999961853027
9.960000038146973
10.300000190734863
10.489999771118164
10.720000267028809
10.829999923706055
10.880000114440918
11.6899995803833
11.949999809265137
12.359999656677246
12.0
13.0
14.229999542236328
14.010000228881836
14.859999656677246
15.670000076293945
17.3700008392334
18.040000915527344
17.959999084472656
19.450000762939453
19.760000228881836
20.489999771118164
21.950000762939453
21.780000686645508
22.670000076293945
23.760000228881836
24.079999923706055
26.780000686645508
27.600000381469727
27.6200008392334
27.290000915527344
25.700000762939453
27.719999313354492
29.049999237060547
29.549999237060547
29.34000015258789
27.549999237060547
29.979999542236328
31.100000381469727
31.149999618530273
30.780000686645508
28.81999969482422
31.190000534057617
33.31999969482422
32.5
32.29999923706055
29.68000030517578
30.719999313354492
32.81999969482422
32.540000915527344
32.5099983215332
30.530000686645508
31.170000076293945
34.029998779296875
34.369998931884766
35.83000183105469
33.70000076293945
33.400001525878906
35.04999923706055
35.650001525878906
35.779998779296875
32.939998626708984
32.880001068115234
34.88999938964844
34.0
34.0099983215332
32.81999969482422
32.11000061035156
32.81999969482422
32.61000061035156
32.790000915527344
30.829999923706055
31.40999984741211
33.56999969482422
33.25
32.959999084472656
30.8700008392334
30.889999389648438
32.52000045776367
32.43000030517578
33.7400016784668
32.45000076293945
32.220001220703125
33.09000015258789
34.38999938964844
34.70000076293945
34.11000061035156
33.0099983215332
34.470001220703125
33.900001525878906
35.040000915527344
33.310001373291016
32.97999954223633
35.400001525878906
35.43000030517578
34.84000015258789
33.650001525878906
33.93000030517578
35.380001068115234
