11.380000114440918
11.3100004196167
14.550000190734863
23.649999618530273
25.760000228881836
34.97999954223633
32.09000015258789
27.489999771118164
44.779998779296875
48.83000183105469
51.68000030517578
50.5099983215332
42.79999923706055
51.09000015258789
55.31999969482422
53.099998474121094
52.91999816894531
47.81999969482422
51.779998779296875
53.689998626708984
53.34000015258789
53.70000076293945
51.119998931884766
53.97999954223633
54.27000045776367
57.130001068115234
57.400001525878906
55.83000183105469
62.47999954223633
60.16999816894531
64.37000274658203
61.400001525878906
61.04999923706055
70.94000244140625
64.94999694824219
70.26000213623047
69.27999877929688
68.87999725341797
76.08999633789062
70.5
74.25
75.23999786376953
76.19999694824219
80.12000274658203
73.75
77.76000213623047
80.69999694824219
80.9800033569336
81.81999969482422
75.51000213623047
79.4000015258789
83.41000366210938
83.2300033569336
84.19999694824219
79.08999633789062
81.37000274658203
85.08999633789062
85.08000183105469
86.05000305175781
81.9800033569336
83.51000213623047
86.98999786376953
86.62999725341797
87.11000061035156
83.55000305175781
84.94000244140625
87.91000366210938
87.55999755859375
88.23999786376953
85.04000091552734
86.20999908447266
88.7300033569336
88.30999755859375
88.83999633789062
86.73999786376953
87.2699966430664
89.55000305175781
89.0199966430664
89.55000305175781
87.47000122070312
88.63999938964844
90.0199966430664
89.66999816894531
90.06999969482422
88.27999877929688
89.54000091552734
90.45999908447266
90.11000061035156
90.51000213623047
88.94000244140625
89.52999877929688
90.68000030517578
90.58000183105469
90.79000091552734
89.62999725341797
90.52999877929688
91.41999816894531
91.05000305175781
91.29000091552734
90.12999725341797
