9.960000038146973
10.039999961853027
10.039999961853027
10.380000114440918
10.449999809265137
10.710000038146973
10.779999732971191
10.520000457763672
11.6899995803833
11.529999732971191
11.779999732971191
11.34000015258789
11.5
12.390000343322754
12.180000305175781
12.3100004196167
14.550000190734863
15.449999809265137
16.3700008392334
16.389999389648438
18.15999984741211
18.75
19.489999771118164
20.799999237060547
20.239999771118164
21.309999465942383
22.6200008392334
23.709999084472656
26.469999313354492
27.34000015258789
27.420000076293945
26.469999313354492
25.1299991607666
26.75
27.719999313354492
28.56999969482422
28.780000686645508
27.850000381469727
30.299999237060547
30.670000076293945
30.56999969482422
30.25
29.200000762939453
32.720001220703125
34.11000061035156
32.869998931884766
31.489999771118164
29.139999389648438
29.989999771118164
31.190000534057617
31.079999923706055
30.8700008392334
29.309999465942383
30.239999771118164
32.380001068115234
32.66999816894531
35.9900016784668
34.04999923706055
33.7400016784668
34.77000045776367
35.2400016784668
35.11000061035156
32.7599983215332
33.33000183105469
34.880001068115234
33.959999084472656
33.7599983215332
33.2400016784668
31.959999084472656
31.360000610351562
31.809999465942383
32.38999938964844
30.700000762939453
31.309999465942383
33.5099983215332
33.470001220703125
32.970001220703125
30.989999771118164
30.600000381469727
32.349998474121094
32.06999969482422
34.650001525878906
34.47999954223633
33.34000015258789
33.72999954223633
35.25
35.15999984741211
35.150001525878906
34.349998474121094
35.290000915527344
34.2599983215332
36.47999954223633
34.40999984741211
34.279998779296875
37.25
36.31999969482422
35.70000076293945
34.369998931884766
34.70000076293945
35.75
