11.25
9.670000076293945
12.970000267028809
10.430000305175781
10.069999694824219
7.150000095367432
10.520000457763672
13.84000015258789
13.020000457763672
11.109999656677246
8.859999656677246
7.980000019073486
12.850000381469727
14.039999961853027
13.899999618530273
16.5
14.130000114440918
13.6899995803833
13.460000038146973
13.289999961853027
17.489999771118164
17.329999923706055
17.0
14.09000015258789
12.9399995803833
11.880000114440918
14.8100004196167
17.559999465942383
13.319999694824219
9.300000190734863
7.239999771118164
7.590000152587891
13.0600004196167
13.539999961853027
12.760000228881836
13.529999732971191
13.029999732971191
16.25
14.920000076293945
12.819999694824219
12.359999656677246
11.149999618530273
10.670000076293945
8.109999656677246
9.140000343322754
10.380000114440918
11.260000228881836
12.260000228881836
11.34000015258789
10.130000114440918
7.400000095367432
9.210000038146973
11.84000015258789
12.9399995803833
9.680000305175781
10.920000076293945
8.710000038146973
6.650000095367432
8.09000015258789
8.229999542236328
8.4399995803833
9.210000038146973
9.90999984741211
10.40999984741211
12.399999618530273
12.220000267028809
10.359999656677246
12.779999732971191
10.270000457763672
9.649999618530273
11.350000381469727
12.930000305175781
12.119999885559082
11.489999771118164
14.260000228881836
14.149999618530273
13.850000381469727
15.430000305175781
18.790000915527344
16.110000610351562
16.649999618530273
16.43000030517578
18.079999923706055
18.309999465942383
18.450000762939453
15.949999809265137
16.440000534057617
15.069999694824219
15.170000076293945
14.460000038146973
12.079999923706055
15.930000305175781
18.09000015258789
17.049999237060547
17.979999542236328
16.90999984741211
18.5
15.239999771118164
13.989999771118164
11.449999809265137
