14.90999984741211
12.319999694824219
15.899999618530273
17.540000915527344
12.539999961853027
10.300000190734863
9.760000228881836
10.029999732971191
15.050000190734863
19.329999923706055
29.110000610351562
29.790000915527344
26.479999542236328
31.799999237060547
30.270000457763672
30.649999618530273
29.260000228881836
28.709999084472656
33.9900016784668
38.79999923706055
34.2599983215332
32.099998474121094
29.350000381469727
32.959999084472656
36.34000015258789
33.97999954223633
36.36000061035156
35.13999938964844
39.0099983215332
42.22999954223633
35.4900016784668
35.630001068115234
39.22999954223633
42.75
44.529998779296875
42.70000076293945
42.40999984741211
44.689998626708984
45.68000030517578
44.0099983215332
43.75
37.63999938964844
38.84000015258789
39.2599983215332
34.29999923706055
35.380001068115234
31.25
38.9900016784668
37.79999923706055
38.63999938964844
32.41999816894531
34.439998626708984
35.15999984741211
36.040000915527344
37.0099983215332
37.52000045776367
36.40999984741211
37.939998626708984
39.56999969482422
37.29999923706055
38.7400016784668
40.77000045776367
41.720001220703125
36.20000076293945
31.770000457763672
33.13999938964844
30.0
29.219999313354492
30.979999542236328
34.63999938964844
33.04999923706055
37.040000915527344
34.5
31.31999969482422
34.709999084472656
34.95000076293945
28.25
25.239999771118164
25.760000228881836
35.279998779296875
38.38999938964844
39.08000183105469
36.68000030517578
39.439998626708984
36.36000061035156
34.459999084472656
32.59000015258789
36.349998474121094
29.940000534057617
35.400001525878906
39.38999938964844
39.02000045776367
37.88999938964844
37.869998931884766
33.88999938964844
35.470001220703125
31.299999237060547
31.059999465942383
30.43000030517578
31.030000686645508
