14.710000038146973
12.529999732971191
15.229999542236328
16.889999389648438
9.779999732971191
10.220000267028809
9.850000381469727
10.029999732971191
14.520000457763672
15.720000267028809
25.049999237060547
23.790000915527344
22.25
27.489999771118164
27.280000686645508
28.530000686645508
26.360000610351562
25.899999618530273
28.299999237060547
33.70000076293945
26.799999237060547
26.889999389648438
23.350000381469727
25.559999465942383
28.809999465942383
27.360000610351562
29.969999313354492
29.8700008392334
31.219999313354492
31.6200008392334
25.670000076293945
25.739999771118164
26.829999923706055
24.65999984741211
27.020000457763672
28.65999984741211
27.8799991607666
31.219999313354492
28.709999084472656
28.139999389648438
31.989999771118164
21.260000228881836
23.110000610351562
22.579999923706055
19.75
21.420000076293945
17.020000457763672
21.489999771118164
20.1299991607666
23.190000534057617
18.530000686645508
21.399999618530273
20.280000686645508
22.6299991607666
23.09000015258789
23.860000610351562
21.389999389648438
21.18000030517578
20.1299991607666
20.65999984741211
21.6299991607666
19.239999771118164
19.149999618530273
15.109999656677246
17.0
17.59000015258789
17.360000610351562
21.040000915527344
15.0600004196167
15.069999694824219
16.559999465942383
20.030000686645508
20.260000228881836
13.010000228881836
15.3100004196167
15.930000305175781
15.75
15.630000114440918
16.040000915527344
13.880000114440918
16.469999313354492
17.459999084472656
17.270000457763672
16.670000076293945
15.770000457763672
14.609999656677246
14.989999771118164
15.460000038146973
16.1299991607666
18.780000686645508
18.030000686645508
16.81999969482422
18.670000076293945
16.68000030517578
16.06999969482422
15.260000228881836
15.3100004196167
14.15999984741211
13.850000381469727
11.729999542236328
